0
7.028
10.028
12.529
13.778
15.778
17.278
21.527
29.094
30.843
34.095
37.594
41.845
44.594
46.844
58.094
62.155
64.906
67.155
69.905
77.154
83.155
87.156
91.405
100.156
103.155
105.904
112.155
115.155
116.905
122.405
125.405
128.905
131.029
132.529
136.778
139.778
141.529
145.028
148.779
150.279
153.279
156.778
165.528
167.278
170.279
181.278
193.203
210.36
213.109
230.464
235.213
236.965
241.715
248.714
252.215
254.464
256.214
262.213
267.214
280.214
285.714
291.35
294.85
299.601
302.851
328.35